0.47862178411206396377864  0.20984527115695669752249
0.88006225775933100141657  0.29093295083468123651826
0.25434125797296058824060  0.89449751274147770718770
0.52708517715994751551278  0.03799554429761650697905
0.57551805169835501541087  0.36310922574541459884045
0.46745200964384897579507  0.25046540726950894395486
0.62059389019440291956897  0.83074434644611960809613
0.30463576158940397498043  0.87231055635242771284510
0.79461043122653884918094  0.87203588976714374592092
0.44602801599169894508634  0.78719443342387163120577
0.62849818414868618976499  0.84762108218634601985997
0.44880520035401472167536  0.90615558336130863636981
0.14166692098757896478567  0.94195379497665332468870
0.53172399060029906792124  0.75695059053315838504261
0.69862971892452774280713  0.71840571306497391645962
0.53428754539628287023589  0.73183385723441263248645
0.89071321756645405187669  0.59865108188116089582564
0.10428174687948241206037  0.64958647419660020538856
0.47489852595599230111745  0.17157506027405622361925
0.39524521622363961714797  0.78844569231238748052704
0.90023499252296512729288  0.73909726248969997985938
0.05475020599993896119884  0.04580828272347178820034
0.45338297677541428143400  0.00405896176030762657200
0.78530228583635974803911  0.38135929441206090073635
0.55476546525467695936129  0.30732139042329170708356
0.25821710867641223252633  0.19937742240668965276740
0.23621326334421827164434  0.31962034974211861459992
0.66283150730918305448824  0.82692953276161995646021
0.33133945738090153643185  0.59508041627246921478900
0.67137668996246224750735  0.74394970549638350654220
0.41053498947111422001655  0.89202551347392189384777
0.10110782189397869712533  0.72170171208838163057209
0.99075289162877289150799  0.66771446882534257749597
0.05523850215155491627517  0.52531510361033961764576
0.05233924375133518214209  0.65327921384319587172484
0.82338938566240427174847  0.33735160374767297897236
0.39387188329721978252707  0.91485335856196781101346
0.32294686727500226952614  0.55827509384441664774812
0.85552537614062929005598  0.30713827936643572913411
0.36310922574541459884045  0.13992736594744711875471
0.94347972045045325195645  0.72627948850978119033073
0.51210058900723287589329  0.10873744926297800039716
0.88555558946501056194478  0.06717123935666982625925
0.84911648915066983978051  0.43446150090029600487895
0.65010528885769214291201  0.29270302438428907887413
0.38261055330057680556877  0.90084536271248516481336
0.95858638264107176585327  0.52015747550889612771385
0.41560106204412977648488  0.13452558977019563046795
0.82387768181402021294701  0.53154087954344308997179
0.63945432905056920347420  0.44865260780663474005081
0.64522232734153261990429  0.61424604022339546194331
0.23755607776116213769591  0.65672780541398356746186
0.39075899533066804636405  0.13757744071779534622557
0.78011413922544026178230  0.51365703299050868846365
0.89959410382396920446979  0.77239295632801296953573
0.19071016571550644669308  0.94024475844599753049380
0.83394878994109922221156  0.75896481215857414248660
0.56727805413983578564086  0.68648335215308087242647
0.31308938871425517902480  0.13052766502884000088258
0.13675344096194341769746  0.59138767662587354845272
